270
3
13
1
65
293
43
50
2
False
540 35 True True

0
256 303 0

195 294 0

True True

80 80 0 0
120 80 1 0
160 80 2 0
200 80 3 0
240 80 4 0
280 80 5 0
320 80 6 0
80 110 0 1
120 110 1 1
160 110 2 1
200 110 3 1
240 110 4 1
280 110 5 1
320 110 6 1
80 140 0 2
120 140 1 2
160 140 2 2
200 140 3 2
280 140 5 2
320 140 6 2
80 170 0 3
120 170 1 3
160 170 2 3
200 170 3 3
240 170 4 3
280 170 5 3
320 170 6 3

70 400
76 400
82 400
88 400
94 400
112 400
118 400
124 400
130 400
136 400
76 390
82 390
88 390
94 390
100 390
106 390
112 390
118 390
124 390
130 390
94 380
100 380
106 380
112 380
170 400
176 400
182 400
188 400
194 400
212 400
218 400
224 400
230 400
236 400
176 390
194 390
200 390
206 390
212 390
218 390
224 390
230 390
194 380
200 380
206 380
212 380
270 400
276 400
282 400
288 400
294 400
312 400
318 400
324 400
330 400
336 400
276 390
282 390
288 390
294 390
300 390
306 390
312 390
318 390
324 390
330 390
294 380
300 380
306 380
312 380
370 400
376 400
382 400
388 400
394 400
412 400
418 400
424 400
430 400
436 400
376 390
382 390
388 390
394 390
400 390
406 390
412 390
418 390
424 390
430 390
394 380
400 380
406 380
412 380
470 400
476 400
482 400
488 400
494 400
512 400
518 400
524 400
530 400
536 400
476 390
482 390
488 390
494 390
500 390
506 390
512 390
518 390
524 390
530 390
494 380
500 380
506 380
512 380


